instance         | our makespan | microsec   | deviation from given makespans

j12010_1.sm      | 111          | 7657900    | 0,00
j12010_10.sm     | 72           | 5281900    | 9,09
j12010_2.sm      | 91           | 2424500    | 0,00
j12010_3.sm      | 106          | 2870200    | 6,00
j12010_4.sm      | 103          | 2936800    | 5,10
j12010_5.sm      | 97           | 2897000    | -3,96  New Best Makespan!
j12010_6.sm      | 92           | 1584400    | 0,00
j12010_7.sm      | 90           | 1822300    | 7,14
j12010_8.sm      | 114          | 1437100    | 0,00
j12010_9.sm      | 77           | 1380700    | 0,00
j12011_1.sm      | 214          | 1449600    | 8,08
j12011_10.sm     | 231          | 1466200    | 8,96
j12011_2.sm      | 196          | 1318300    | 6,52
j12011_3.sm      | 251          | 2549800    | 10,09
j12011_4.sm      | 243          | 1133800    | 6,11
j12011_5.sm      | 253          | 1075300    | 7,66
j12011_6.sm      | 267          | 1051600    | 11,72
j12011_7.sm      | 200          | 1047000    | 10,50
j12011_8.sm      | 200          | 1077200    | 9,89
j12011_9.sm      | 201          | 1427400    | 1,01
j12012_1.sm      | 165          | 1180600    | 8,55
j12012_10.sm     | 167          | 1053500    | 2,45
j12012_2.sm      | 144          | 1960900    | 10,77
j12012_3.sm      | 164          | 1449600    | 9,33
j12012_4.sm      | 151          | 1542700    | 4,86
j12012_5.sm      | 201          | 1750300    | 8,65
j12012_6.sm      | 150          | 1155500    | 10,29
j12012_7.sm      | 145          | 1583100    | 9,02
j12012_8.sm      | 147          | 823400     | 12,21
j12012_9.sm      | 130          | 745500     | 7,44
j12013_1.sm      | 147          | 795200     | 5,76
j12013_10.sm     | 115          | 1394000    | 11,65
j12013_2.sm      | 106          | 1325300    | 8,16
j12013_3.sm      | 138          | 771300     | 4,55
j12013_4.sm      | 131          | 1529500    | 4,80
j12013_5.sm      | 111          | 961100     | 6,73
j12013_6.sm      | 121          | 554300     | 5,22
j12013_7.sm      | 133          | 651900     | 9,92
j12013_8.sm      | 113          | 561800     | 9,71
j12013_9.sm      | 101          | 532200     | 6,32
j12014_1.sm      | 103          | 442000     | 11,96
j12014_10.sm     | 91           | 703700     | 4,60
j12014_2.sm      | 111          | 875200     | 7,77
j12014_3.sm      | 102          | 443800     | 6,25
j12014_4.sm      | 105          | 725700     | 5,00
j12014_5.sm      | 115          | 611800     | 7,48
j12014_6.sm      | 101          | 460100     | 8,60
j12014_7.sm      | 107          | 543200     | 9,18
j12014_8.sm      | 126          | 491900     | -0,79  New Best Makespan!
j12014_9.sm      | 112          | 441400     | 10,89
j12015_1.sm      | 81           | 495000     | 0,00
j12015_10.sm     | 96           | 381700     | 5,49
j12015_2.sm      | 80           | 419400     | -2,44  New Best Makespan!
j12015_3.sm      | 96           | 271300     | 7,87
j12015_4.sm      | 89           | 421100     | 5,95
j12015_5.sm      | 87           | 402800     | 0,00
j12015_6.sm      | 97           | 266300     | 0,00
j12015_7.sm      | 75           | 271300     | 0,00
j12015_8.sm      | 126          | 425400     | 0,00
j12015_9.sm      | 109          | 506500     | 0,00
j12016_1.sm      | 236          | 455200     | 7,76
j12016_10.sm     | 261          | 451900     | 7,85
j12016_2.sm      | 282          | 289800     | 8,46
j12016_3.sm      | 291          | 290200     | 11,92
j12016_4.sm      | 243          | 350300     | 11,47
j12016_5.sm      | 238          | 250800     | 6,25
j12016_6.sm      | 249          | 377400     | 10,67
j12016_7.sm      | 233          | 335400     | 10,43
j12016_8.sm      | 234          | 256500     | 5,88
j12016_9.sm      | 251          | 355400     | 12,05
j12017_1.sm      | 161          | 263800     | 5,23
j12017_10.sm     | 158          | 231000     | 7,48
j12017_2.sm      | 145          | 240900     | 5,07
j12017_3.sm      | 130          | 270000     | 10,17
j12017_4.sm      | 141          | 228000     | 6,02
j12017_5.sm      | 155          | 238100     | 3,33
j12017_6.sm      | 159          | 255500     | 7,43
j12017_7.sm      | 171          | 236700     | 8,23
j12017_8.sm      | 151          | 243900     | 6,34
j12017_9.sm      | 162          | 229600     | 8,72
j12018_1.sm      | 157          | 231400     | 7,53
j12018_10.sm     | 110          | 221500     | -0,90  New Best Makespan!
j12018_2.sm      | 140          | 237900     | 6,06
j12018_3.sm      | 118          | 229700     | 10,28
j12018_4.sm      | 118          | 297800     | 7,27
j12018_5.sm      | 134          | 226400     | 3,08
j12018_6.sm      | 157          | 292300     | 6,80
j12018_7.sm      | 136          | 222200     | 7,09
j12018_8.sm      | 124          | 298900     | 6,90
j12018_9.sm      | 106          | 314000     | 8,16
j12019_1.sm      | 100          | 323400     | 11,11
j12019_10.sm     | 93           | 220500     | 4,49
j12019_2.sm      | 98           | 217000     | 11,36
j12019_3.sm      | 97           | 209500     | 5,43
j12019_4.sm      | 126          | 304300     | 7,69
j12019_5.sm      | 126          | 295000     | 13,51
j12019_6.sm      | 104          | 355400     | 9,47
j12019_7.sm      | 104          | 219700     | 10,64
j12019_8.sm      | 105          | 207900     | 5,00
j12019_9.sm      | 106          | 238900     | 12,77
j1201_1.sm       | 122          | 217900     | 5,17
j1201_10.sm      | 134          | 207100     | 14,53
j1201_2.sm       | 123          | 336200     | 2,50
j1201_3.sm       | 139          | 343100     | 7,75
j1201_4.sm       | 114          | 205000     | 6,54
j1201_5.sm       | 133          | 207300     | 6,40
j1201_6.sm       | 94           | 206400     | 8,05
j1201_7.sm       | 139          | 215100     | 10,32
j1201_8.sm       | 123          | 334100     | 5,13
j1201_9.sm       | 138          | 289100     | 9,52
j12020_1.sm      | 100          | 327000     | 5,26
j12020_10.sm     | 89           | 289500     | 9,88
j12020_2.sm      | 100          | 290400     | -1,96  New Best Makespan!
j12020_3.sm      | 93           | 289100     | 13,41
j12020_4.sm      | 89           | 283400     | 0,00
j12020_5.sm      | 77           | 288900     | 8,45
j12020_6.sm      | 80           | 273800     | 0,00
j12020_7.sm      | 81           | 283600     | 0,00
j12020_8.sm      | 120          | 289500     | 3,45
j12020_9.sm      | 80           | 278100     | 0,00
j12021_1.sm      | 136          | 214100     | 13,33
j12021_10.sm     | 122          | 216300     | 14,02
j12021_2.sm      | 135          | 218900     | 8,00
j12021_3.sm      | 161          | 219800     | 7,33
j12021_4.sm      | 153          | 369500     | 10,07
j12021_5.sm      | 131          | 323200     | 8,26
j12021_6.sm      | 127          | 220900     | 3,25
j12021_7.sm      | 131          | 234600     | 11,02
j12021_8.sm      | 141          | 227600     | -2,08  New Best Makespan!
j12021_9.sm      | 120          | 334300     | 7,14
j12022_1.sm      | 122          | 345000     | 12,96
j12022_10.sm     | 94           | 357900     | 16,05
j12022_2.sm      | 116          | 216800     | -0,85  New Best Makespan!
j12022_3.sm      | 112          | 246600     | 7,69
j12022_4.sm      | 97           | 329800     | 5,43
j12022_5.sm      | 107          | 321300     | 7,00
j12022_6.sm      | 120          | 328300     | 10,09
j12022_7.sm      | 133          | 314600     | 0,00
j12022_8.sm      | 118          | 357700     | 11,32
j12022_9.sm      | 116          | 317100     | 4,50
j12023_1.sm      | 107          | 297100     | 0,00
j12023_10.sm     | 106          | 295600     | 6,00
j12023_2.sm      | 116          | 312400     | 0,00
j12023_3.sm      | 100          | 373100     | 1,01
j12023_4.sm      | 106          | 383900     | -6,19  New Best Makespan!
j12023_5.sm      | 109          | 352500     | 10,10
j12023_6.sm      | 120          | 351300     | 8,11
j12023_7.sm      | 104          | 374800     | -1,89  New Best Makespan!
j12023_8.sm      | 101          | 347800     | 0,00
j12023_9.sm      | 118          | 356600     | 7,27
j12024_1.sm      | 98           | 266100     | 5,38
j12024_10.sm     | 94           | 212900     | 2,17
j12024_2.sm      | 96           | 182200     | 0,00
j12024_3.sm      | 96           | 370300     | 7,87
j12024_4.sm      | 103          | 364800     | 1,98
j12024_5.sm      | 93           | 306300     | 4,49
j12024_6.sm      | 97           | 352000     | 2,11
j12024_7.sm      | 115          | 215200     | 2,68
j12024_8.sm      | 104          | 287500     | 0,00
j12024_9.sm      | 86           | 301300     | 4,88
j12025_1.sm      | 82           | 295200     | -3,53  New Best Makespan!
j12025_10.sm     | 92           | 290300     | 0,00
j12025_2.sm      | 108          | 313100     | 0,00
j12025_3.sm      | 100          | 305700     | 0,00
j12025_4.sm      | 117          | 310900     | 0,00
j12025_5.sm      | 100          | 363500     | 0,00
j12025_6.sm      | 93           | 196500     | -1,06  New Best Makespan!
j12025_7.sm      | 100          | 241400     | 6,38
j12025_8.sm      | 84           | 222700     | -4,55  New Best Makespan!
j12025_9.sm      | 94           | 353600     | 0,00
j12026_1.sm      | 214          | 407300     | 10,31
j12026_10.sm     | 227          | 246500     | 6,07
j12026_2.sm      | 210          | 247600     | 10,53
j12026_3.sm      | 201          | 267600     | 7,49
j12026_4.sm      | 218          | 236900     | 10,66
j12026_5.sm      | 197          | 231100     | 14,53
j12026_6.sm      | 230          | 416900     | 9,52
j12026_7.sm      | 196          | 401700     | 3,16
j12026_8.sm      | 211          | 235200     | 8,21
j12026_9.sm      | 218          | 238400     | 7,39
j12027_1.sm      | 134          | 342800     | 10,74
j12027_10.sm     | 138          | 275500     | 3,76
j12027_2.sm      | 142          | 392900     | 12,70
j12027_3.sm      | 166          | 405700     | 5,06
j12027_4.sm      | 136          | 398600     | 14,29
j12027_5.sm      | 139          | 223700     | 14,88
j12027_6.sm      | 176          | 274200     | 7,98
j12027_7.sm      | 149          | 239700     | 8,76
j12027_8.sm      | 169          | 240000     | 9,03
j12027_9.sm      | 160          | 237000     | 11,89
j12028_1.sm      | 128          | 223600     | 9,40
j12028_10.sm     | 134          | 237000     | 3,88
j12028_2.sm      | 129          | 231500     | 9,32
j12028_3.sm      | 103          | 278400     | -0,96  New Best Makespan!
j12028_4.sm      | 137          | 315800     | 8,73
j12028_5.sm      | 107          | 386400     | 4,90
j12028_6.sm      | 117          | 372000     | 0,86
j12028_7.sm      | 132          | 322000     | 9,09
j12028_8.sm      | 123          | 360100     | 13,89
j12028_9.sm      | 119          | 370700     | 10,19
j12029_1.sm      | 107          | 216600     | 2,88
j12029_10.sm     | 97           | 214900     | -2,02  New Best Makespan!
j12029_2.sm      | 96           | 225800     | 5,49
j12029_3.sm      | 108          | 220200     | -0,92  New Best Makespan!
j12029_4.sm      | 95           | 304500     | 9,20
j12029_5.sm      | 110          | 310400     | 3,77
j12029_6.sm      | 112          | 329700     | 13,13
j12029_7.sm      | 101          | 305700     | 4,12
j12029_8.sm      | 91           | 318800     | 4,60
j12029_9.sm      | 102          | 314100     | 5,15
j1202_1.sm       | 103          | 212300     | 9,57
j1202_10.sm      | 110          | 229900     | 2,80
j1202_2.sm       | 85           | 330500     | 7,59
j1202_3.sm       | 111          | 435500     | 5,71
j1202_4.sm       | 117          | 163900     | 13,59
j1202_5.sm       | 109          | 211000     | -2,68  New Best Makespan!
j1202_6.sm       | 105          | 304600     | 11,70
j1202_7.sm       | 100          | 380200     | 3,09
j1202_8.sm       | 93           | 360800     | 8,14
j1202_9.sm       | 110          | 343400     | 6,80
j12030_1.sm      | 105          | 362000     | -0,94  New Best Makespan!
j12030_10.sm     | 95           | 338800     | 10,47
j12030_2.sm      | 112          | 376200     | 0,00
j12030_3.sm      | 108          | 373600     | 0,00
j12030_4.sm      | 91           | 247100     | 9,64
j12030_5.sm      | 97           | 345200     | 4,30
j12030_6.sm      | 79           | 360400     | 0,00
j12030_7.sm      | 102          | 240600     | 5,15
j12030_8.sm      | 79           | 229900     | -4,82  New Best Makespan!
j12030_9.sm      | 97           | 220700     | 4,30
j12031_1.sm      | 252          | 272200     | 12,50
j12031_10.sm     | 290          | 245900     | 11,97
j12031_2.sm      | 247          | 248000     | 16,51
j12031_3.sm      | 216          | 421200     | 8,00
j12031_4.sm      | 276          | 277200     | 12,65
j12031_5.sm      | 255          | 251900     | 9,44
j12031_6.sm      | 230          | 341500     | 11,65
j12031_7.sm      | 254          | 423400     | 7,17
j12031_8.sm      | 244          | 254900     | 10,41
j12031_9.sm      | 235          | 257100     | 11,90
j12032_1.sm      | 177          | 240700     | 11,32
j12032_10.sm     | 157          | 252100     | 7,53
j12032_2.sm      | 161          | 428800     | 8,05
j12032_3.sm      | 177          | 409000     | 7,93
j12032_4.sm      | 158          | 247300     | -0,63  New Best Makespan!
j12032_5.sm      | 172          | 231000     | 9,55
j12032_6.sm      | 156          | 234000     | 9,09
j12032_7.sm      | 150          | 227100     | 7,91
j12032_8.sm      | 161          | 247600     | 6,62
j12032_9.sm      | 151          | 250900     | 11,03
j12033_1.sm      | 125          | 218300     | 8,70
j12033_10.sm     | 125          | 232100     | 5,93
j12033_2.sm      | 139          | 234700     | 10,32
j12033_3.sm      | 128          | 238000     | 9,40
j12033_4.sm      | 138          | 233600     | 8,66
j12033_5.sm      | 170          | 243700     | 6,25
j12033_6.sm      | 142          | 372800     | 12,70
j12033_7.sm      | 145          | 375200     | 5,84
j12033_8.sm      | 137          | 392100     | 12,30
j12033_9.sm      | 134          | 225800     | 5,51
j12034_1.sm      | 87           | 214600     | -1,14  New Best Makespan!
j12034_10.sm     | 111          | 269400     | 4,72
j12034_2.sm      | 119          | 380000     | 3,48
j12034_3.sm      | 119          | 371500     | 5,31
j12034_4.sm      | 102          | 328600     | -3,77  New Best Makespan!
j12034_5.sm      | 123          | 227100     | 11,82
j12034_6.sm      | 109          | 210300     | -4,39  New Best Makespan!
j12034_7.sm      | 116          | 216700     | 2,65
j12034_8.sm      | 103          | 349800     | 6,19
j12034_9.sm      | 111          | 379300     | 6,73
j12035_1.sm      | 87           | 381500     | 0,00
j12035_10.sm     | 88           | 374400     | 2,33
j12035_2.sm      | 124          | 406500     | 2,48
j12035_3.sm      | 89           | 212800     | 7,23
j12035_4.sm      | 110          | 345300     | 3,77
j12035_5.sm      | 109          | 210400     | 6,86
j12035_6.sm      | 88           | 209100     | 2,33
j12035_7.sm      | 99           | 219000     | 0,00
j12035_8.sm      | 106          | 217000     | 4,95
j12035_9.sm      | 106          | 205000     | 9,28
j12036_1.sm      | 254          | 249200     | 8,55
j12036_10.sm     | 253          | 294100     | 7,66
j12036_2.sm      | 270          | 258300     | 10,20
j12036_3.sm      | 269          | 435800     | 6,75
j12036_4.sm      | 291          | 263900     | 9,40
j12036_5.sm      | 280          | 247900     | 8,11
j12036_6.sm      | 276          | 249600     | 7,39
j12036_7.sm      | 254          | 442800     | 9,48
j12036_8.sm      | 213          | 263100     | 10,36
j12036_9.sm      | 263          | 256900     | 3,54
j12037_1.sm      | 176          | 259500     | 11,39
j12037_10.sm     | 157          | 249400     | 9,79
j12037_2.sm      | 172          | 380900     | 9,55
j12037_3.sm      | 165          | 418500     | 8,55
j12037_4.sm      | 192          | 234900     | 8,47
j12037_5.sm      | 241          | 245400     | 6,64
j12037_6.sm      | 192          | 344900     | 3,23
j12037_7.sm      | 189          | 353600     | 6,18
j12037_8.sm      | 211          | 472600     | 4,98
j12037_9.sm      | 169          | 242300     | 8,33
j12038_1.sm      | 125          | 214200     | 5,93
j12038_10.sm     | 163          | 229500     | 7,95
j12038_2.sm      | 144          | 238300     | 7,46
j12038_3.sm      | 179          | 355900     | 6,55
j12038_4.sm      | 163          | 235900     | 5,84
j12038_5.sm      | 134          | 232000     | 8,94
j12038_6.sm      | 144          | 239400     | 9,92
j12038_7.sm      | 120          | 342900     | 3,45
j12038_8.sm      | 147          | 342200     | 6,52
j12038_9.sm      | 157          | 336800     | 8,28
j12039_1.sm      | 107          | 367900     | 3,88
j12039_10.sm     | 131          | 309300     | 10,08
j12039_2.sm      | 125          | 318400     | 4,17
j12039_3.sm      | 133          | 236300     | 9,02
j12039_4.sm      | 114          | 502500     | 8,57
j12039_5.sm      | 113          | 229800     | 6,60
j12039_6.sm      | 106          | 266500     | 9,28
j12039_7.sm      | 121          | 314400     | 6,14
j12039_8.sm      | 117          | 231800     | 10,38
j12039_9.sm      | 111          | 1133100    | 11,00
j1203_1.sm       | 90           | 568600     | 5,88
j1203_10.sm      | 103          | 200800     | 0,00
j1203_2.sm       | 91           | 401800     | 3,41
j1203_3.sm       | 100          | 329800     | -0,99  New Best Makespan!
j1203_4.sm       | 72           | 324400     | -11,11  New Best Makespan!
j1203_5.sm       | 85           | 341000     | -2,30  New Best Makespan!
j1203_6.sm       | 102          | 234500     | 0,00
j1203_7.sm       | 97           | 347300     | 1,04
j1203_8.sm       | 89           | 333600     | 14,10
j1203_9.sm       | 86           | 213200     | 0,00
j12040_1.sm      | 91           | 220400     | 3,41
j12040_10.sm     | 96           | 208800     | 0,00
j12040_2.sm      | 100          | 228000     | 6,38
j12040_3.sm      | 99           | 211600     | 4,21
j12040_4.sm      | 112          | 213000     | 0,00
j12040_5.sm      | 105          | 210300     | 1,94
j12040_6.sm      | 90           | 217900     | 0,00
j12040_7.sm      | 91           | 208400     | 0,00
j12040_8.sm      | 107          | 318500     | 10,31
j12040_9.sm      | 125          | 419900     | 6,84
j12041_1.sm      | 144          | 229500     | 10,77
j12041_10.sm     | 164          | 228600     | 6,49
j12041_2.sm      | 156          | 234800     | 9,86
j12041_3.sm      | 168          | 232500     | 15,07
j12041_4.sm      | 134          | 237400     | 8,94
j12041_5.sm      | 148          | 233800     | 7,25
j12041_6.sm      | 131          | 307200     | 8,26
j12041_7.sm      | 131          | 330000     | 13,91
j12041_8.sm      | 157          | 328900     | 6,08
j12041_9.sm      | 136          | 233500     | 1,49
j12042_1.sm      | 128          | 225300     | 14,29
j12042_10.sm     | 137          | 230700     | 11,38
j12042_2.sm      | 129          | 360800     | 2,38
j12042_3.sm      | 125          | 348000     | 17,92
j12042_4.sm      | 120          | 330700     | 7,14
j12042_5.sm      | 134          | 328600     | 8,94
j12042_6.sm      | 131          | 329800     | 7,38
j12042_7.sm      | 132          | 344100     | 3,13
j12042_8.sm      | 131          | 337500     | 10,08
j12042_9.sm      | 118          | 308400     | 5,36
j12043_1.sm      | 112          | 335900     | 4,67
j12043_10.sm     | 120          | 234100     | 6,19
j12043_2.sm      | 121          | 328100     | 0,83
j12043_3.sm      | 105          | 375400     | 7,14
j12043_4.sm      | 113          | 393500     | 6,60
j12043_5.sm      | 116          | 394400     | 6,42
j12043_6.sm      | 115          | 332400     | 12,75
j12043_7.sm      | 141          | 340100     | 15,57
j12043_8.sm      | 121          | 329500     | 5,22
j12043_9.sm      | 113          | 320200     | 3,67
j12044_1.sm      | 101          | 358600     | 1,00
j12044_10.sm     | 103          | 336900     | -0,96  New Best Makespan!
j12044_2.sm      | 117          | 347500     | 4,46
j12044_3.sm      | 107          | 295400     | 0,00
j12044_4.sm      | 102          | 307400     | 3,03
j12044_5.sm      | 98           | 335100     | -3,92  New Best Makespan!
j12044_6.sm      | 110          | 217800     | 3,77
j12044_7.sm      | 98           | 357200     | -4,85  New Best Makespan!
j12044_8.sm      | 111          | 339100     | -2,63  New Best Makespan!
j12044_9.sm      | 92           | 327800     | 1,10
j12045_1.sm      | 108          | 320000     | 0,00
j12045_10.sm     | 99           | 314900     | 0,00
j12045_2.sm      | 92           | 304900     | 1,10
j12045_3.sm      | 98           | 323100     | 0,00
j12045_4.sm      | 103          | 335700     | -0,96  New Best Makespan!
j12045_5.sm      | 117          | 329600     | -1,68  New Best Makespan!
j12045_6.sm      | 125          | 335100     | 0,00
j12045_7.sm      | 103          | 229000     | 0,00
j12045_8.sm      | 104          | 385800     | 0,97
j12045_9.sm      | 114          | 340400     | 0,00
j12046_1.sm      | 239          | 384800     | 14,35
j12046_10.sm     | 246          | 402500     | 10,31
j12046_2.sm      | 258          | 386700     | 18,35
j12046_3.sm      | 217          | 406000     | 10,15
j12046_4.sm      | 204          | 331400     | 5,70
j12046_5.sm      | 198          | 367100     | 18,56
j12046_6.sm      | 228          | 348200     | 22,58
j12046_7.sm      | 205          | 336900     | 8,47
j12046_8.sm      | 216          | 366100     | 13,68
j12046_9.sm      | 219          | 408700     | 17,74
j12047_1.sm      | 173          | 331600     | 10,19
j12047_10.sm     | 166          | 357100     | 15,28
j12047_2.sm      | 163          | 338000     | 11,64
j12047_3.sm      | 151          | 337300     | 4,86
j12047_4.sm      | 161          | 335200     | 6,62
j12047_5.sm      | 155          | 242400     | 8,39
j12047_6.sm      | 172          | 245700     | 10,97
j12047_7.sm      | 142          | 230500     | 4,41
j12047_8.sm      | 172          | 231800     | 13,91
j12047_9.sm      | 171          | 237500     | 8,23
j12048_1.sm      | 116          | 400200     | 7,41
j12048_10.sm     | 135          | 235900     | 13,45
j12048_2.sm      | 134          | 227400     | 12,61
j12048_3.sm      | 134          | 230100     | 9,84
j12048_4.sm      | 149          | 229300     | 8,76
j12048_5.sm      | 131          | 238000     | 10,08
j12048_6.sm      | 121          | 227500     | 7,08
j12048_7.sm      | 125          | 235400     | 7,76
j12048_8.sm      | 129          | 231300     | 7,50
j12048_9.sm      | 133          | 228800     | 10,83
j12049_1.sm      | 101          | 234200     | 5,21
j12049_10.sm     | 112          | 220600     | 9,80
j12049_2.sm      | 126          | 232400     | 5,00
j12049_3.sm      | 111          | 226300     | 8,82
j12049_4.sm      | 114          | 370700     | 8,57
j12049_5.sm      | 104          | 223200     | 10,64
j12049_6.sm      | 129          | 225400     | 0,78
j12049_7.sm      | 115          | 218700     | 8,49
j12049_8.sm      | 138          | 223300     | 13,11
j12049_9.sm      | 113          | 231900     | 7,62
j1204_1.sm       | 78           | 194200     | 5,41
j1204_10.sm      | 77           | 199400     | 0,00
j1204_2.sm       | 107          | 200800     | 0,00
j1204_3.sm       | 97           | 194200     | 2,11
j1204_4.sm       | 75           | 203700     | -8,54  New Best Makespan!
j1204_5.sm       | 74           | 206400     | 0,00
j1204_6.sm       | 100          | 198900     | 11,11
j1204_7.sm       | 83           | 351200     | -2,35  New Best Makespan!
j1204_8.sm       | 90           | 343000     | 0,00
j1204_9.sm       | 79           | 349900     | 0,00
j12050_1.sm      | 116          | 391100     | -0,85  New Best Makespan!
j12050_10.sm     | 117          | 323000     | 8,33
j12050_2.sm      | 127          | 573100     | 8,55
j12050_3.sm      | 114          | 398900     | 2,70
j12050_4.sm      | 116          | 369100     | 10,48
j12050_5.sm      | 112          | 231900     | 7,69
j12050_6.sm      | 107          | 230600     | 4,90
j12050_7.sm      | 137          | 235700     | 0,00
j12050_8.sm      | 112          | 228400     | 0,00
j12050_9.sm      | 105          | 224800     | 3,96
j12051_1.sm      | 260          | 254800     | 13,04
j12051_10.sm     | 295          | 278100     | 11,74
j12051_2.sm      | 268          | 251200     | 9,39
j12051_3.sm      | 276          | 447900     | 10,40
j12051_4.sm      | 262          | 435800     | 11,49
j12051_5.sm      | 280          | 441800     | 9,38
j12051_6.sm      | 263          | 253900     | 8,68
j12051_7.sm      | 260          | 243200     | 9,24
j12051_8.sm      | 260          | 256900     | 10,64
j12051_9.sm      | 268          | 244800     | 12,13
j12052_1.sm      | 215          | 240200     | 10,26
j12052_10.sm     | 178          | 416400     | 5,33
j12052_2.sm      | 222          | 263000     | 9,36
j12052_3.sm      | 163          | 400300     | 10,14
j12052_4.sm      | 205          | 355100     | 10,81
j12052_5.sm      | 211          | 344900     | 11,05
j12052_6.sm      | 241          | 378200     | 9,55
j12052_7.sm      | 190          | 355000     | 13,10
j12052_8.sm      | 186          | 356800     | 3,91
j12052_9.sm      | 177          | 350000     | 6,63
j12053_1.sm      | 171          | 369900     | 8,23
j12053_10.sm     | 161          | 342100     | 10,27
j12053_2.sm      | 137          | 279300     | 11,38
j12053_3.sm      | 133          | 328000     | 9,02
j12053_4.sm      | 174          | 347000     | 7,41
j12053_5.sm      | 130          | 347600     | 5,69
j12053_6.sm      | 126          | 323700     | 7,69
j12053_7.sm      | 137          | 363000     | 5,38
j12053_8.sm      | 169          | 376100     | 8,33
j12053_9.sm      | 202          | 250200     | 7,45
j12054_1.sm      | 123          | 238200     | 6,96
j12054_10.sm     | 118          | 244000     | -4,84  New Best Makespan!
j12054_2.sm      | 138          | 363100     | 2,99
j12054_3.sm      | 122          | 342000     | 2,52
j12054_4.sm      | 138          | 328300     | 8,66
j12054_5.sm      | 133          | 338700     | 15,65
j12054_6.sm      | 125          | 233600     | 4,17
j12054_7.sm      | 125          | 231100     | 4,17
j12054_8.sm      | 118          | 319700     | 4,42
j12054_9.sm      | 123          | 350600     | 5,13
j12055_1.sm      | 119          | 340500     | 9,17
j12055_10.sm     | 103          | 226500     | -2,83  New Best Makespan!
j12055_2.sm      | 87           | 229700     | 4,82
j12055_3.sm      | 127          | 223100     | 0,79
j12055_4.sm      | 101          | 225300     | 6,32
j12055_5.sm      | 109          | 229400     | 2,83
j12055_6.sm      | 110          | 233900     | -0,90  New Best Makespan!
j12055_7.sm      | 105          | 225900     | 0,00
j12055_8.sm      | 114          | 230200     | 7,55
j12055_9.sm      | 102          | 219600     | 5,15
j12056_1.sm      | 291          | 276800     | 14,57
j12056_10.sm     | 313          | 263200     | 9,44
j12056_2.sm      | 248          | 259100     | 8,30
j12056_3.sm      | 293          | 399900     | 10,57
j12056_4.sm      | 267          | 256100     | 8,54
j12056_5.sm      | 337          | 261500     | 6,98
j12056_6.sm      | 263          | 256600     | 10,04
j12056_7.sm      | 357          | 256600     | 15,16
j12056_8.sm      | 352          | 254400     | 12,46
j12056_9.sm      | 351          | 259200     | 8,67
j12057_1.sm      | 222          | 248900     | 7,77
j12057_10.sm     | 200          | 249900     | 6,95
j12057_2.sm      | 191          | 260400     | 9,77
j12057_3.sm      | 219          | 402300     | 8,42
j12057_4.sm      | 241          | 314500     | 11,06
j12057_5.sm      | 211          | 268700     | 9,33
j12057_6.sm      | 230          | 291200     | 13,30
j12057_7.sm      | 203          | 266400     | 11,54
j12057_8.sm      | 197          | 262000     | 11,30
j12057_9.sm      | 197          | 416100     | 7,07
j12058_1.sm      | 166          | 416200     | 7,10
j12058_10.sm     | 154          | 312400     | 5,48
j12058_2.sm      | 146          | 401500     | 6,57
j12058_3.sm      | 140          | 402700     | 7,69
j12058_4.sm      | 178          | 418800     | 10,56
j12058_5.sm      | 144          | 231700     | 12,50
j12058_6.sm      | 160          | 232500     | 4,58
j12058_7.sm      | 173          | 275300     | 6,13
j12058_8.sm      | 159          | 399500     | 11,19
j12058_9.sm      | 155          | 237400     | 9,93
j12059_1.sm      | 125          | 242100     | 3,31
j12059_10.sm     | 148          | 243700     | 2,78
j12059_2.sm      | 122          | 232500     | 7,02
j12059_3.sm      | 120          | 228300     | 3,45
j12059_4.sm      | 124          | 419400     | 7,83
j12059_5.sm      | 122          | 395600     | 7,96
j12059_6.sm      | 135          | 342300     | 8,00
j12059_7.sm      | 133          | 357100     | 9,92
j12059_8.sm      | 126          | 343400     | 5,88
j12059_9.sm      | 131          | 327100     | -2,96  New Best Makespan!
j1205_1.sm       | 92           | 287900     | 0,00
j1205_10.sm      | 92           | 261000     | 0,00
j1205_2.sm       | 81           | 270100     | 1,25
j1205_3.sm       | 72           | 269800     | -5,26  New Best Makespan!
j1205_4.sm       | 97           | 266500     | 0,00
j1205_5.sm       | 77           | 347800     | 0,00
j1205_6.sm       | 89           | 289800     | 1,14
j1205_7.sm       | 84           | 198500     | 0,00
j1205_8.sm       | 80           | 293000     | 2,56
j1205_9.sm       | 108          | 310800     | 1,89
j12060_1.sm      | 110          | 334300     | 8,91
j12060_10.sm     | 99           | 318300     | 6,45
j12060_2.sm      | 94           | 313700     | 6,82
j12060_3.sm      | 105          | 223600     | 11,70
j12060_4.sm      | 117          | 222300     | 6,36
j12060_5.sm      | 124          | 232100     | 11,71
j12060_6.sm      | 121          | 228300     | 9,01
j12060_7.sm      | 108          | 231500     | 9,09
j12060_8.sm      | 114          | 388700     | 7,55
j12060_9.sm      | 101          | 382600     | 0,00
j1206_1.sm       | 185          | 371900     | 11,45
j1206_10.sm      | 213          | 230600     | 9,79
j1206_2.sm       | 173          | 223000     | 8,13
j1206_3.sm       | 163          | 367100     | 2,52
j1206_4.sm       | 199          | 271700     | 11,17
j1206_5.sm       | 157          | 329000     | 8,28
j1206_6.sm       | 201          | 322400     | 14,20
j1206_7.sm       | 211          | 327100     | 13,44
j1206_8.sm       | 176          | 222600     | -1,68  New Best Makespan!
j1206_9.sm       | 200          | 233900     | 6,38
j1207_1.sm       | 126          | 203500     | 7,69
j1207_10.sm      | 145          | 212400     | 9,02
j1207_2.sm       | 144          | 370000     | 8,27
j1207_3.sm       | 116          | 357100     | -1,69  New Best Makespan!
j1207_4.sm       | 134          | 297800     | 9,84
j1207_5.sm       | 160          | 319600     | 8,11
j1207_6.sm       | 155          | 305300     | 13,14
j1207_7.sm       | 142          | 319500     | 2,16
j1207_8.sm       | 121          | 211200     | 11,01
j1207_9.sm       | 114          | 286600     | 15,15
j1208_1.sm       | 110          | 306300     | 2,80
j1208_10.sm      | 107          | 292600     | 5,94
j1208_2.sm       | 124          | 325900     | 5,08
j1208_3.sm       | 112          | 295300     | 5,66
j1208_4.sm       | 122          | 304100     | 10,91
j1208_5.sm       | 127          | 307200     | 11,40
j1208_6.sm       | 99           | 311300     | -1,98  New Best Makespan!
j1208_7.sm       | 105          | 299900     | 2,94
j1208_8.sm       | 103          | 308700     | 6,19
j1208_9.sm       | 114          | 352000     | 5,56
j1209_1.sm       | 103          | 282600     | 13,19
j1209_10.sm      | 85           | 285500     | -1,16  New Best Makespan!
j1209_2.sm       | 94           | 306900     | 0,00
j1209_3.sm       | 96           | 322700     | 5,49
j1209_4.sm       | 104          | 247600     | 8,33
j1209_5.sm       | 114          | 312700     | 0,00
j1209_6.sm       | 112          | 291400     | 2,75
j1209_7.sm       | 81           | 285600     | -1,22  New Best Makespan!
j1209_8.sm       | 84           | 297700     | -1,18  New Best Makespan!
j1209_9.sm       | 101          | 299100     | 8,60

comparedInstances: 600
same Makespans: 58
better Makespans: 43
average deviation from given solutions: 6,67 percent
average calculation time (shift included): 391 microseconds